time,x,y,z,phi,theta,psi,x_velocity,y_velocity,z_velocity,phi_velocity,theta_velocity,psi_velocity,rotor_speed1,rotor_speed2,rotor_speed3,rotor_speed4
0.06,7.92740310481e-08,-8.24102807189e-08,10.0046126885,6.28289479205,6.28305974159,0.0,9.14191173602e-06,-1.61011183229e-05,0.153747262473,-0.0169088120534,-0.00664676880785,0.0,453.3906718297185,452.85647733592697,454.8192150250936,453.46328093553853
0.12000000000000001,4.91264584035e-06,-1.15602645671e-05,10.0179524051,6.28168014816,6.28224106947,0.0,0.000210820023324,-0.00048522597937,0.290884169054,-0.0279252556131,-0.033769629303,0.0,449.2640904423374,447.05996021560713,449.4168549394285,448.52321354226984
0.18,5.13086639288e-05,-8.78463941959e-05,10.0437174611,6.27997483565,6.28058019212,0.0,0.00156918984111,-0.00227418441189,0.567853725794,-0.0294339269012,-0.0176670397086,0.0,490.269210362927,491.46381502314847,489.1283573162802,489.0158663946893
0.23999999999999996,0.00019928281593,-0.000292199037157,10.0793173965,6.27816545136,6.27938163737,0.0,0.00346976793949,-0.00470680665898,0.618783253594,-0.0316417144133,-0.0250470888286,0.0,422.1273106833468,421.4900721638038,421.071472331329,420.8801127385418
0.3,0.000497417447236,-0.000693151852347,10.1208377991,6.27606741724,6.27795037545,0.0,0.00662730646062,-0.00887427283768,0.765141215883,-0.042621239132,-0.0215699491467,0.0,452.31826586667324,452.5981072043105,451.56821495453977,450.6812535071765
0.36000000000000004,0.000998289233946,-0.00136868886213,10.1679604332,6.27371870875,6.27676350287,0.0,0.0101836638066,-0.0138712779235,0.805582833658,-0.0329707384144,-0.0164246527073,0.0,417.3434703410532,417.7922645547829,418.40901113684305,419.24733850308917
0.4200000000000001,0.00173544901872,-0.00238875437863,10.2177335182,6.27172513124,6.27575265115,0.0,0.0144822008619,-0.020317817505,0.853482532459,-0.0337422523039,-0.0177069301809,0.0,421.0128424763807,420.9019622264832,420.5496375776312,420.4823115478781
0.48000000000000015,0.00277061920417,-0.00386605922729,10.2730948963,6.26952716764,6.27486138746,0.0,0.0201272277037,-0.0291509142776,0.991782874475,-0.0431496966872,-0.00968570944705,0.0,449.633882211773,450.28326366932475,449.75598488866905,448.9928860983428
0.5400000000000001,0.00416680994605,-0.00593144580068,10.3373424888,6.26724484368,6.27455510963,0.0,0.0264588492828,-0.039960836136,1.14965334034,-0.029395564654,0.00276588183385,0.0,456.01303488911276,457.0065615816695,454.78782412208284,455.88730869190556
0.6000000000000002,0.00593394309238,-0.00866859082031,10.4095365746,6.26558734624,6.27453443972,0.0,0.0324362051789,-0.0514516233142,1.25670117609,-0.0243005928915,-0.00743250177791,0.0,440.99168661037174,440.1485781911811,440.221109556043,440.6422492879564
0.6600000000000003,0.0080807167181,-0.0121664641452,10.4902671798,6.26415864224,6.27424685064,0.0,0.039162167133,-0.0653043072944,1.43410951613,-0.0228516235229,2.26432404112e-05,0.0,462.17451586801195,462.7617516034507,462.30327975390105,462.4173823291208
0.7200000000000003,0.0106056672185,-0.0164637958486,10.5783067733,6.26262724607,6.27464271214,0.0,0.0449803492883,-0.0780787811295,1.50045560862,-0.0314872027159,0.0172694596159,0.0,427.49397101300406,428.9608532792834,428.5406881676336,427.80592458286657
0.7800000000000004,0.013468669886,-0.0215600507565,10.6703506789,6.26071171793,6.27580606107,0.0,0.0503450861449,-0.091979464504,1.56758109961,-0.0328165555012,0.0233228354492,0.0,428.2449525320659,428.75947915033544,428.85524988980234,428.7419173741266
0.8400000000000004,0.0166516170683,-0.0276000429951,10.769560624,6.25835149036,6.27737056817,0.0,0.0555838447502,-0.109586268831,1.73916669543,-0.0574170161474,0.0310778171177,0.0,461.3914018081552,462.00330598816214,462.27183358230633,460.3285473289856
0.9000000000000005,0.0200999588147,-0.0347048255638,10.87702931,6.25466995816,6.27950025813,0.0,0.059153739565,-0.127599840745,1.84295163699,-0.0707113271098,0.0431188673406,0.0,441.07759732594593,442.0713789031942,441.26257417687754,440.16102059528833
0.9600000000000005,0.0237105214537,-0.0429294214933,10.9893436655,6.25053753075,6.28270495417,0.0,0.0609152952028,-0.146951596846,1.90075319737,-0.0654327570155,0.0685859895829,0.0,424.49633985924027,426.6778833469572,427.73957833857776,428.18504280732185
1.0200000000000005,0.0273595474619,-0.0524379816491,11.1064311446,6.24626432453,0.00338512226722,0.0,0.0603091266754,-0.170410093463,2.00197472052,-0.0864778091415,0.0544383162169,0.0,441.578687774861,440.413173865243,441.7680042641423,440.02522839782426
1.0800000000000005,0.0309028926972,-0.0633748561606,11.2276922393,6.24164834952,0.00632468584242,0.0,0.0575113759986,-0.194600825439,2.03997370288,-0.0626029381492,0.0349366566131,0.0,421.4311204163662,419.7437511666354,420.2586147653937,422.3175186576546
1.1400000000000006,0.0342085317666,-0.0759547190812,11.3538070514,6.23777270801,0.00925755930653,0.0,0.0524031299238,-0.225121110707,2.16360517559,-0.0689051493731,0.0677763788027,0.0,446.7704044827312,449.4411279580761,449.2878138744408,448.7735524844191
1.2000000000000006,0.0371933744644,-0.0901967317919,11.4818501529,6.23363519901,0.0131453857513,0.0,0.0467774014712,-0.249943019912,2.10458788372,-0.0690653085917,0.0580540496764,0.0,388.6586536229263,387.7501194100913,388.4180384990911,388.39866599133273
1.2600000000000007,0.0397123365524,-0.106242547538,11.6112829623,6.2291846047,0.0162258674407,0.0,0.0368476148167,-0.28534698735,2.20960987525,-0.0871036816886,0.0324654859244,0.0,444.43210120429427,442.33151910767856,443.59507722095475,442.10692462730424
1.3200000000000007,0.0415914634108,-0.124462706579,11.7461611944,6.22352549692,0.0180475411743,0.0,0.0256063593976,-0.322513855753,2.28614205768,-0.115411067952,0.0257811772364,0.0,434.5304525335286,433.9700876932084,436.07744167232755,433.6982158367492
1.3800000000000008,0.0427546352612,-0.145053813213,11.8859796751,6.21689535762,0.0195589935657,0.0,0.0130160846204,-0.36452406862,2.37424141754,-0.102156742543,0.0239834937739,0.0,438.59297135507387,438.4437627948484,438.3232041583732,439.4122047051169
1.4400000000000008,0.0431704688002,-0.168167543573,12.0291451002,6.21049216172,0.0208909756361,0.0,0.000720205603893,-0.406497989406,2.39783930882,-0.117903531901,0.0183699202108,0.0,417.8771586044287,417.387597159515,419.43196680313014,418.0512334651988
1.5000000000000009,0.0426849871729,-0.194410583304,12.1803226896,6.20335675043,0.022317020045,0.0,-0.0170494221578,-0.46910636513,2.64079927256,-0.121043657952,0.0328210479705,0.0,484.83834858297143,485.92284695635414,487.12562398340873,486.8793837434693
1.560000000000001,0.0411900372085,-0.224242432643,12.3418083599,6.19679531912,0.0249415548654,0.0,-0.0330178215936,-0.52596961783,2.74173941751,-0.0926972853087,0.0596025733627,0.0,444.33356146888417,446.5246934620522,443.04032827315064,445.3537598351294
1.620000000000001,0.0387440534966,-0.257389275966,12.506740367,6.19093292018,0.028300778822,0.0,-0.0488255261733,-0.579431986334,2.7558901198,-0.110297501663,0.0475484773087,0.0,417.6372998330538,416.5869194657971,418.3137950371162,416.7692659207182
1.680000000000001,0.0351781056018,-0.29421979805,12.6764106103,6.18396151814,0.0310025851303,0.0,-0.0703313650676,-0.648952869149,2.89932793462,-0.131822461377,0.0394482243006,0.0,458.7321785320397,458.0896055909606,460.2584878554496,458.5398139367721
1.740000000000001,0.0302745602865,-0.335347664849,12.8543414767,6.17581566978,0.0331022944705,0.0,-0.0933499291191,-0.72279771692,3.03123343452,-0.145108576775,0.0241377602869,0.0,456.5880521182354,455.3654111676603,457.26379871891993,456.18751224753214
1.8000000000000012,0.0239491288256,-0.381082439721,13.0401295691,6.16696228127,0.0341846915361,0.0,-0.117624694292,-0.802591212521,3.16120516397,-0.152959514185,0.00161955955916,0.0,457.5627271515365,455.7664415087141,457.16786701517594,456.5220379264621
1.8600000000000012,0.0162501355625,-0.431451437693,13.2307633995,6.15799140835,0.0341548160375,0.0,-0.139007587926,-0.877200462757,3.19302701126,-0.143394910172,-0.00511072378413,0.0,427.3490759906338,426.7750012792781,425.74238728789726,426.53785600764854
1.9200000000000013,0.00722708562329,-0.486621695161,13.4245290406,6.1497899028,0.0340576972755,0.0,-0.161733207607,-0.962605254154,3.26546963047,-0.125860772351,0.00458292379813,0.0,439.33731355130953,440.1403678359246,440.1358664980267,441.56701035049787
1.9800000000000013,-0.0032509728205,-0.547436841014,13.6252712162,6.14240214648,0.0344401696517,0.0,-0.187554679009,-1.06533322699,3.42529334275,-0.11816496426,0.00973657518545,0.0,467.6348340457208,468.0360157730284,468.19101108697777,468.776481560142
2.0400000000000014,-0.0153328860651,-0.614764584294,13.8368585267,6.13580671853,0.0346827750467,0.0,-0.215205180785,-1.17963542919,3.62680591106,-0.0971383203913,-0.0108887940471,0.0,483.472008836113,481.91541778498515,480.219050272636,481.8014949628248
2.1000000000000014,-0.0288217612191,-0.688023882811,14.0532842503,6.12960279559,0.0342461055469,0.0,-0.234383143656,-1.26285491555,3.58738190604,-0.120425416729,-0.000889043250184,0.0,406.5763965245804,407.4715004628061,407.9810283936264,405.8855374728871
2.1600000000000015,-0.0434389630209,-0.766310141646,14.2668397078,6.12226922724,0.0341865261249,0.0,-0.252857393078,-1.34729786882,3.53115735842,-0.126091308833,-0.0012017156066,0.0,402.6052459636374,402.57697483017006,399.9524432968203,399.42064207927336
2.2200000000000015,-0.0593953852589,-0.850879897343,14.4836886968,6.11457088821,0.0337756597806,0.0,-0.278979601782,-1.47246457345,3.69637869953,-0.13314389717,-0.0216115993085,0.0,473.4254996643021,471.8525083693032,473.39103672121996,472.83401848557725
2.2800000000000016,-0.0768377354286,-0.942801144297,14.7084479779,6.10650855543,0.0325656914764,0.0,-0.302289806287,-1.59234440287,3.79503019015,-0.136946546464,-0.0174217467435,0.0,453.7619788347325,454.09825898839057,454.4467276022128,454.12556178965826
2.3400000000000016,-0.0955794414768,-1.04167544016,14.9368094016,6.09812361348,0.0316778697463,0.0,-0.322341276635,-1.70421081927,3.81670591251,-0.146035381648,-0.0100060700166,0.0,430.7982075203627,431.4249411359588,430.5483701525809,429.7597094248191
2.4000000000000017,-0.115654276261,-1.14827358747,15.1709473451,6.08924351689,0.0311352395182,0.0,-0.346732886817,-1.84994324626,3.98697212016,-0.152250941533,-0.00718562951425,0.0,477.9962832808598,478.21131450997814,477.89941172802827,477.4064576214077
2.4600000000000017,-0.136953959432,-1.26240446228,15.4080892914,6.08017627333,0.030781604603,0.0,-0.363231836188,-1.95517921849,3.91774766547,-0.148953667763,-0.00342806232578,0.0,401.58643334109854,401.92726340237414,402.72404886477904,402.9981314049313
2.520000000000002,-0.159541064186,-1.38498519735,15.6506269197,6.07137801681,0.0313212725894,0.0,-0.389669804258,-2.13175567993,4.16552243895,-0.142371796262,0.026417370764,0.0,500.3826602617206,502.5507304699429,503.27323887929435,503.7320358165973
2.580000000000002,-0.183530738795,-1.5170142804,15.9016465736,6.06331779524,0.0327685668465,0.0,-0.410121587326,-2.26995622997,4.20132151486,-0.121807034661,0.0190821895039,0.0,440.7107874756935,440.10409353589677,440.45553141803515,442.1361047170336
2.640000000000002,-0.208747813434,-1.65731705889,16.1540023232,6.05618846614,0.0335328755936,0.0,-0.430533386893,-2.40744770498,4.2101801144,-0.113441045031,-0.00463724786919,0.0,434.55843588577955,432.5652694684859,432.17178199042115,432.86327929749814
2.700000000000002,-0.235276895842,-1.80652436484,16.4090912089,6.05003612504,0.0339384932921,0.0,-0.453767094695,-2.56670816446,4.29211272932,-0.0867061667946,0.0231306993761,0.0,456.230497216132,458.44241619228643,456.40307496701627,458.5229058114365
2.760000000000002,-0.263100906162,-1.96465042376,16.6658429252,6.0445463654,0.0349837698397,0.0,-0.47380664845,-2.7046561878,4.26608346553,-0.103385971875,0.00243334389223,0.0,423.4005320644017,421.61580471274266,425.3247998841016,423.8860106456722
2.820000000000002,-0.292261723865,-2.13197635348,16.9243315211,6.03799502607,0.0348836755493,0.0,-0.498207401776,-2.87344451749,4.3494808489,-0.124496188209,-0.0114868089342,0.0,459.71065768852185,458.6062229898038,461.18365862826323,459.50266135436
2.880000000000002,-0.322791538821,-2.30894402433,17.1852536885,6.03054761314,0.034590530306,0.0,-0.519406726968,-3.02615018817,4.34753110646,-0.123389231044,0.00582060601343,0.0,433.3770310272118,434.8296243471645,433.406047166979,433.4846762629284
2.940000000000002,-0.354734993241,-2.49625804984,17.4500164989,6.02333519731,0.0351582828817,0.0,-0.54539999662,-3.21830115641,4.47685945124,-0.114505746446,0.0158999218964,0.0,476.28066403565765,477.0508964882077,475.80394174415227,476.4716251232738
3.000000000000002,-0.388306251188,-2.69565662516,17.7239389516,6.01765075565,0.0359331007054,0.0,-0.573707889258,-3.42882380162,4.65261326547,-0.0710037470267,0.00614874576739,0.0,493.65229267122476,492.93200558571,489.88873342078193,493.10552351647334
3.0600000000000023,-0.42333936571,-2.90597986922,18.0015890558,6.01302269403,0.0361214930725,0.0,-0.594088890095,-3.5824119681,4.60224824952,-0.0936662995939,-0.00368398712428,0.0,423.8620342672102,423.01595782203947,424.0499485400019,422.09301392341285
3.1200000000000023,-0.459709714171,-3.1264537954,18.2791861833,6.00699151383,0.0359230410638,0.0,-0.618220062634,-3.76723879589,4.65029541733,-0.119983827372,-0.0025650113785,0.0,455.5506319157627,455.64017882342495,457.88256435262326,455.77486412749124
3.1800000000000024,-0.49750183729,-3.3579787121,18.5589827534,6.00020565894,0.0364685553838,0.0,-0.641529266077,-3.9508884042,4.67560010222,-0.102024073031,0.0257331100438,0.0,449.0737067476403,451.36362353425335,449.99795245877255,451.43829392780657
3.2400000000000024,-0.536623231833,-3.60001808986,18.8380230948,5.99454812907,0.0377264659612,0.0,-0.662635587746,-4.11767299411,4.62548445496,-0.0821349110065,0.00913428539661,0.0,427.3601868629341,425.94274604880593,426.07017776420565,427.7593808204662
3.3000000000000025,-0.577309059653,-3.85428578746,19.1210834896,5.98976952445,0.0385687003486,0.0,-0.693597630029,-4.35825403345,4.80840075431,-0.0750782468671,0.0223807464545,0.0,500.84416656998917,501.8066793909755,500.1739432444554,500.6833475853898
3.3600000000000025,-0.619618792363,-4.12120030387,19.40870988,5.9856907477,0.0394155611357,0.0,-0.716826124944,-4.53936116097,4.77878878413,-0.0566261077484,-0.012637178531,0.0,438.96536161667956,436.0491550685584,436.7348063537306,438.26775992303214
3.4200000000000026,-0.663314128573,-4.39895748608,19.6941208906,5.98227532238,0.038614430101,0.0,-0.739619746979,-4.71964270623,4.73465785702,-0.0575255432128,-0.0148219318633,0.0,433.1568781439728,432.9731830922055,433.7173565694181,433.63948555599893
3.4800000000000026,-0.708603763418,-4.68947417784,19.9827947069,5.97914274141,0.0380676548583,0.0,-0.769913056136,-4.96445155352,4.88647148219,-0.0432740160894,0.000379543321461,0.0,494.92589406855006,496.04377141121046,495.86363314289093,496.90812769592276
3.5400000000000027,-0.755391887999,-4.99234204715,20.2727577023,5.9762622586,0.0377344523151,0.0,-0.789695884752,-5.13162865804,4.7790432837,-0.0597286075687,-0.0213569042178,0.0,415.3891898162876,413.4782542064184,416.29789101547817,414.85356387015855
3.6000000000000028,-0.803583253943,-5.30713799762,20.5619360155,5.97257562158,0.0362479197994,0.0,-0.816513690974,-5.36189984444,4.85922035268,-0.0651147785956,-0.0326803824455,0.0,477.21644306583073,476.3510866903268,477.19441857468854,476.7805795728402
3.660000000000003,-0.853135172214,-5.63403102937,20.8501601214,5.96872706927,0.0344438684656,0.0,-0.835090859914,-5.53511944655,4.74827834193,-0.0622665756865,-0.0252969739015,0.0,415.53440075613855,416.18094223770726,415.96927243071735,416.21536290400445
3.720000000000003,-0.903907245778,-5.97260429153,21.1353191654,5.96582410182,0.0325778109346,0.0,-0.857147380761,-5.75106175948,4.75638333521,-0.0295454086133,-0.046426797266,0.0,457.135818950735,455.44822539542315,454.9022264865106,457.51376805646737
3.780000000000003,-0.955990024349,-6.32448647014,21.4216872917,5.9640117794,0.0298411399358,0.0,-0.878665492868,-5.97862225875,4.78849893043,-0.0315588571835,-0.0440283873701,0.0,463.18133936567693,463.36884281787496,467.2892077512235,467.1319488083075
3.840000000000003,-1.00922114415,-6.68913419856,21.7069752087,5.96193458441,0.0281940977033,0.0,-0.895545503451,-6.17676209154,4.720910163,-0.0415769253719,-0.00621530311886,0.0,432.1158819118119,435.2920885590944,434.80232515298485,433.96145916514155
3.900000000000003,-1.06345430186,-7.06587548672,21.988493186,5.96001475555,0.0278997115493,0.0,-0.912200611351,-6.38175003786,4.66274135709,-0.0176226210457,-0.00240929099057,0.0,437.02785568164217,437.3451405201939,437.2670660878121,439.25802670722226
3.960000000000003,-1.11879021663,-7.45622490573,22.2701028439,5.95892025422,0.0272153243026,0.0,-0.932284444499,-6.63011111987,4.72331765296,-0.019509411342,-0.0434049187778,0.0,477.5918460210198,474.45405371945986,477.5732218984069,477.4293430469554
4.020000000000002,-1.17511186834,-7.8592303985,22.5483471742,5.95784163907,0.0241737445837,0.0,-0.944945920848,-6.80405552452,4.55190195997,-0.0150759452357,-0.0721451136823,0.0,401.78129953496193,399.1640986280922,400.2104705121529,400.61393986334554
4.080000000000001,-1.23220123942,-8.27346628536,22.8183479655,5.95683820985,0.0198572878076,0.0,-0.957715576635,-7.00435290456,4.44813907049,-0.0202417497824,-0.0715359272725,0.0,423.8217500834094,423.8698555055343,424.00606163078425,423.5619818838595
4.14,-1.28999799541,-8.69992471854,23.082393999,5.95563979135,0.0155950085835,0.0,-0.968519828982,-7.21149250716,4.35332571625,-0.0194427907584,-0.0700607732014,0.0,426.77453010524516,426.89635719128626,427.01317641059745,427.0813571913534
4.199999999999998,-1.34838515838,-9.13908322682,23.3411961376,5.95504774194,0.0109991364132,0.0,-0.977377473133,-7.42766665304,4.2732601409,0.00450415964701,-0.0947359883058,0.0,432.77766531242645,430.6900885586863,431.660813577706,433.67749791836627
4.259999999999997,-1.40722387289,-9.59123469462,23.5949203578,5.95516482611,0.004801873288,0.0,-0.983461962514,-7.64458384876,4.1841632403,-0.00371787253937,-0.131846291904,0.0,430.49551476755465,427.3323861315875,430.16904203501286,429.47202831416445
4.319999999999996,-1.46632256256,-10.0564104314,23.8429836499,5.95457855823,6.28019344779,0.0,-0.985895750779,-7.86188603764,4.08458136124,-0.0260238352164,-0.12625824486,0.0,426.625213856731,427.08596016760737,425.87584002081246,423.9632265651591
4.379999999999995,-1.52542996757,-10.5360968419,24.0889918314,5.95320274707,6.27310962138,0.0,-0.983647785128,-8.12812695579,4.11482410652,-0.0173678904616,-0.105336104285,0.0,468.3690046242192,469.98172918567496,468.7226061206353,469.3949436417742
4.439999999999993,-1.58427654702,-11.0316246431,24.3359774407,5.95216713271,6.26650746711,0.0,-0.977312588294,-8.38997633814,4.11731040523,-0.0170458134617,-0.121641324709,0.0,462.58973392784713,461.2933145400778,462.2624542846873,462.2879297953333
4.499999999999992,-1.64261123093,-11.5430743527,24.5832749773,5.95188988094,6.25917861901,0.0,-0.966498870504,-8.65884734893,4.12519264834,0.0128043740037,-0.123178428423,0.0,465.3533291584191,465.22019958801116,464.29336298938523,466.6300038700352
4.559999999999991,-1.70019048802,-12.0703618313,24.8297626919,5.9523673226,6.25217890763,0.0,-0.952186004033,-8.91795119935,4.09062287525,-0.00412554941812,-0.106076780324,0.0,453.108966965257,454.4700023451304,453.2040641114175,451.84083094916787
4.6199999999999894,-1.75675005142,-12.6137293188,25.0752933734,5.95245762685,6.24527256358,0.0,-0.932538505211,-9.19484047546,4.09299048041,0.0108885390833,-0.147294450541,0.0,468.15506242037736,464.9237676722153,465.1651768187381,466.33969963512857
4.679999999999988,-1.8118529175,-13.1749862689,25.3242213516,5.95378363429,6.23721994053,0.0,-0.903341198214,-9.51400065077,4.20327198915,0.0382727856662,-0.116149080903,0.0,499.8909750393458,502.140815265965,499.5798517880733,501.5729929682155
4.739999999999987,-1.86525091991,-13.7540003855,25.5752726704,5.95604904939,6.2301548463,0.0,-0.875979422589,-9.78706156632,4.16473039933,0.0367049490269,-0.121162844158,0.0,456.46346374135527,456.0510037522889,458.35063273065833,458.2266124430951
4.799999999999986,-1.91690149789,-14.3494022564,25.8235827291,5.95863633583,6.22265942992,0.0,-0.845071768552,-10.0603330896,4.11197539271,0.0535786008323,-0.133758682881,0.0,454.22101340926974,453.1955140462136,452.53699115620464,453.8945101609492
4.859999999999984,-1.96663464026,-14.9609751763,26.0675980184,5.96207373535,6.21466736325,0.0,-0.812035649042,-10.3262037489,4.02185597908,0.0638335812538,-0.132109825201,0.0,441.37832895171346,441.49796299479414,441.4200469370454,442.267982497762
4.919999999999983,-2.01444912272,-15.5877692634,26.303525007,5.9655614162,6.20680515936,0.0,-0.781187092541,-10.5679723529,3.8429091743,0.0431614904868,-0.128974704722,0.0,410.42925001265843,410.69018195563206,411.7473098197296,409.9163874945137
4.979999999999982,-2.0602065396,-16.2296296379,26.5298644394,5.96844214984,6.19891660699,0.0,-0.743439677727,-10.8283876002,3.70193895047,0.0562772747086,-0.137010535617,0.0,422.9244327868237,422.2146164797042,423.06275800622944,424.19237278120994
5.0399999999999805,-2.10303202843,-16.8892567607,26.7537421941,5.97185202279,6.19086679288,0.0,-0.683279122749,-11.1597435074,3.75970624624,0.0579162703443,-0.129009018601,0.0,487.01409129916453,487.5974446247473,487.3721618870258,487.4965700684074
5.099999999999979,-2.14284456077,-17.5664315892,26.973258342,5.97513173647,6.18351457159,0.0,-0.643220574691,-11.4140120586,3.5580700117,0.0471987507291,-0.112011970329,0.0,402.3941324217165,403.91484165572206,403.54345309933586,402.57685946555904
5.159999999999978,-2.18015981366,-18.2590596365,27.1805880953,5.97781744578,6.17639099616,0.0,-0.600074586406,-11.6749200607,3.35341485599,0.0393801484338,-0.137589984517,0.0,402.248199994703,399.9095724596586,400.71329109783926,400.0030782545331
5.219999999999977,-2.21429259251,-18.9689302753,27.3799078041,5.98021045678,6.16862974173,0.0,-0.536981108147,-11.9885182651,3.29017401875,0.0408714620763,-0.116577201359,0.0,448.00938045061815,449.6995977970575,449.0460772908215,449.16785670437406
5.279999999999975,-2.24482825672,-19.6970126486,27.5726954356,5.98266124367,6.16196396075,0.0,-0.480298026998,-12.2822467383,3.13617853708,0.0407963866329,-0.101931056473,0.0,418.70866806324744,419.9693831942363,418.5309915460363,418.5254403413217
5.339999999999974,-2.27148965721,-20.4438638417,27.7590605683,5.98558739279,6.15579027589,0.0,-0.407859848574,-12.6140094864,3.07554712626,0.0612305771536,-0.104893648402,0.0,450.7840001634977,450.5354366107919,449.61400689308203,451.2682588947081
5.399999999999973,-2.29377797383,-21.2106724341,27.9410565233,5.98956258847,6.14933591203,0.0,-0.334502171455,-12.9475997821,2.99075843431,0.0747672005447,-0.113550394049,0.0,443.71930783334625,442.9976422267237,442.94259285314865,444.05791050858727
5.4599999999999715,-2.31141060931,-21.9980512076,28.1188577934,5.9937273004,6.14256354962,0.0,-0.252619385704,-13.2996887776,2.93558200845,0.0556678434645,-0.111551830214,0.0,453.31095585948907,453.46051536184444,454.6794208782494,453.1497878839259
5.51999999999997,-2.32429937112,-22.8062442226,28.2912779275,5.99681222282,6.13576563881,0.0,-0.176399473127,-13.6416923275,2.81162685692,0.0411599075686,-0.117039475379,0.0,431.4814184632427,431.00589492053933,432.6458522160787,431.42405850116575
5.579999999999969,-2.33154074172,-23.6370828727,28.4623165572,5.9998410709,6.12947574672,0.0,-0.0643622420668,-14.0542292909,2.88829688305,0.0645559354164,-0.0876367287632,0.0,495.3462339329503,497.4953546051724,494.8176767903606,496.5386060086566
5.639999999999968,-2.33314479236,-24.4907998704,28.6303141647,6.00423380129,6.12427629617,0.0,0.0114064601409,-14.404948722,2.71183677411,0.0865027598567,-0.0847689082904,0.0,416.391328531426,416.6354475857251,416.01199822529253,417.93418751114734
5.699999999999966,-2.32959943428,-25.3668117477,28.7907537576,6.00936191699,6.1196717117,0.0,0.107248381956,-14.7972637723,2.63588153914,0.0833171069576,-0.0642188164523,0.0,449.45637480490046,451.1144253476103,450.71970951337147,450.4680088990392
5.759999999999965,-2.32058657256,-26.2661352994,28.9444174355,6.01506056795,6.11584459045,0.0,0.193603932581,-15.1823170639,2.48639514236,0.111612559204,-0.0629326228094,0.0,425.74807704858245,425.85497564505937,425.5004698027053,427.92426825586944
5.819999999999964,-2.30564436743,-27.1900298956,29.0929133257,6.02173462952,6.11186199937,0.0,0.304864692639,-15.6161150637,2.46307501005,0.11046771866,-0.0743461046996,0.0,468.5430277928608,467.6515764556268,466.7909121939478,466.7118562145912
5.879999999999963,-2.2844229873,-28.1396467308,29.2372552455,6.02798653728,6.10723035479,0.0,0.402999907143,-16.0401242582,2.34838085433,0.0871364792844,-0.0835999672097,0.0,438.69861011006896,437.92451132633136,439.78078773948783,437.8529248947835
5.939999999999961,-2.25697453627,-29.1155286853,29.3760054908,6.03324528623,6.10208089431,0.0,0.51245079996,-16.4917174518,2.27626170934,0.0886448417831,-0.0906886749749,0.0,452.87518588492503,452.29857682580297,452.8231812782666,452.95073895637387
5.99999999999996,-2.22269971596,-30.1192219067,29.5111692671,6.03915101208,6.09622895374,0.0,0.630593416571,-16.9672998584,2.22872112219,0.113029209146,-0.116955371161,0.0,461.3360157087562,459.2486840928732,461.6084565352938,463.53672526602776
6.059999999999959,-2.18116402042,-31.152046945,29.6436447857,6.04554281774,6.08942169736,0.0,0.754620237661,-17.4629595621,2.18672026621,0.0885532046586,-0.107243933646,0.0,462.6740832068636,463.4272595467957,466.02203344384486,464.1136511706945
6.1199999999999575,-2.13254450642,-32.2146054195,29.771078922,6.05081090784,6.08269348425,0.0,0.86667339235,-17.9588626758,2.06090841082,0.0862551391809,-0.124351212663,0.0,438.1001717066974,436.66349964243165,438.4020748330917,438.21755573499814
6.179999999999956,-2.07728241306,-33.3073423948,29.8898927076,6.05617007615,6.07485344961,0.0,0.976126864532,-18.4692376651,1.89950562537,0.094831219005,-0.147905727347,0.0,427.9553194404812,425.9282784649114,425.0831912814494,425.8246479904613
6.239999999999955,-2.01453832476,-34.4322346266,30.002482978,6.061502492,6.06641311057,0.0,1.11617757306,-19.030742928,1.85281414192,0.0729946438737,-0.129151167038,0.0,464.5994491473099,466.0501667070903,464.0002748901307,462.28852157049045
6.299999999999954,-1.94380070452,-35.5910033677,30.1096121551,6.06538758447,6.05877790713,0.0,1.24246132583,-19.5989674924,1.71769345312,0.0381689045644,-0.123708472038,0.0,437.12142115306546,437.5597659020102,438.28862651886163,435.3868315511582
6.359999999999952,-1.86504048742,-36.7850055799,30.2098108243,6.06733931826,6.05172719574,0.0,1.3835033439,-20.2054905729,1.62115848113,0.0177908209877,-0.107357130479,0.0,450.5442573410726,451.85227207165076,452.4128256370246,450.7690914828932
6.419999999999951,-1.77748614246,-38.0165088615,30.304856442,6.06849765208,6.04547678122,0.0,1.53547981393,-20.8493732158,1.54552555649,0.0221746805855,-0.0984696376662,0.0,459.34654431760123,460.04182910781003,461.8323366229501,462.17799112029115
6.47999999999995,-1.68062650145,-39.2877157739,30.395412013,6.07043361144,6.03948198639,0.0,1.69364386903,-21.5293739342,1.47146349942,0.0472189171277,-0.10296661026,0.0,464.902579783205,464.541881113829,463.4595814024516,465.4245350189287
6.5399999999999485,-1.57414881614,-40.6008318039,30.4813432108,6.07359254981,6.03291102849,0.0,1.85614248378,-22.2468370118,1.39153758425,0.0617467324341,-0.12769624095,0.0,466.91520931142713,464.97111517377397,465.07407901949273,466.2124371622829
6.599999999999947,-1.45842281531,-41.9576842647,30.5598466503,6.07762407507,6.02544150989,0.0,2.00208067072,-22.987961459,1.22439391185,0.0763104439178,-0.118755629951,0.0,440.24190295821387,440.9669456727858,439.21143959327753,440.4212889922146
6.659999999999946,-1.33340103023,-43.3606502909,30.6296400544,6.08180277443,6.01822052697,0.0,2.16596085664,-23.784515861,1.1009697886,0.0509725850932,-0.123741826882,0.0,456.6281572791842,456.2174687836958,457.539279953909,455.5205134043457
6.719999999999945,-1.19864718124,-44.8126974012,30.6909512081,6.08468827271,6.01096352359,0.0,2.32645842268,-24.624761846,0.941386879513,0.0415997210141,-0.115885958538,0.0,447.33195210714433,447.95821945967606,447.6848337979957,446.9227572654619
6.779999999999943,-1.05405029207,-46.3168413658,30.7427170018,6.08704932391,6.00407351424,0.0,2.49399532826,-25.521884785,0.782492439536,0.0344254057251,-0.112809334436,0.0,450.9156192126584,451.1525868994227,451.21556492542265,450.6366316906847
6.839999999999942,-0.90011769847,-47.8760441112,30.7817838549,6.08905677417,5.99771779581,0.0,2.63764889997,-26.4611301814,0.518384984556,0.0314482487655,-0.094861832393,0.0,417.50013867111966,419.05270894909637,419.92376672052285,419.6658826601547
6.899999999999941,-0.73674002395,-49.4940888556,30.8071129523,6.09076687084,5.99225563117,0.0,2.80867944907,-27.4842537362,0.323900875913,0.0218400222562,-0.0843163502062,0.0,446.7279267671333,447.58022065643775,446.07245675933996,445.28719743297023
6.95999999999994,-0.562187818044,-51.1762774441,30.8230748402,6.09181131337,5.98758109278,0.0,3.00995351095,-28.6003849141,0.20528503951,0.00660952299801,-0.0674668632678,0.0,475.22435670158256,476.5098816568589,476.25011785361704,475.0834492034886
7.019999999999938,-0.375588864047,-52.9278596459,30.8310945087,6.09252979357,5.98357910789,0.0,3.21012673086,-29.798830422,0.0587976820783,0.0209832386385,-0.065208757351,0.0,473.87642394589625,474.0469947235607,472.62860537766846,473.7352364609867
7.079999999999937,-0.177022759306,-54.7540879903,30.8294544798,6.09387186589,5.97959682304,0.0,3.40887822836,-31.0903220977,-0.116713638434,0.0250022663271,-0.068803213457,0.0,471.23132968373886,470.95032626344624,471.4174887739835,471.72799782263195
7.139999999999936,0.0327533645302,-56.6605118391,30.8142827663,6.09502405977,5.97513343611,0.0,3.58390882757,-32.4741201966,-0.392117785149,0.00389257917343,-0.088931342741,0.0,446.328798361735,444.6781233609427,447.64405818365856,445.92252125374273
7.1999999999999345,0.252095776353,-58.6529805144,30.778852635,6.09514058732,5.97001487839,0.0,3.72787817435,-33.96088449,-0.792278027118,-0.00227619677793,-0.0789070842862,0.0,410.3725605057283,411.2549605131861,411.1433576250452,410.59626340810394
7.259999999999933,0.480611047351,-60.7390384486,30.7200847189,6.09461671104,5.96569510743,0.0,3.88952905596,-35.596477937,-1.17102842753,-0.0265525987358,-0.0608870882294,0.0,428.2768519772231,429.80283272156726,427.0707261514175,424.994582210057
7.319999999999932,0.719086624919,-62.9280586788,30.6382924655,6.09283656326,5.96159700258,0.0,4.05972107677,-37.3961826309,-1.56114580726,-0.0367711531166,-0.0903585265998,0.0,436.8097011094261,434.340414515778,435.5329460373991,434.67693113949605
7.379999999999931,0.968230577334,-65.2307091455,30.5331238412,6.09072576992,5.95591073522,0.0,4.24519043789,-39.3881001545,-1.9516846996,-0.0321741420605,-0.105498935417,0.0,450.3582899823411,449.1240551461429,449.7451893043524,450.1169353809348
7.439999999999929,1.22843008787,-67.6590843727,30.4027029388,6.08846718499,5.9494047922,0.0,4.4283094579,-41.5919571542,-2.40393363238,-0.0517813525892,-0.11505462368,0.0,447.45041631313916,446.6612742088849,446.93313931484334,445.3310433483192
7.499999999999928,1.50008474047,-70.2272690446,30.2445569873,6.08520699231,5.94262635858,0.0,4.62692088548,-44.0543342657,-2.87817653344,-0.0600088798044,-0.109110497706,0.0,459.7880693495753,460.24798025928817,460.65980222090457,460.0067109891264
7.559999999999927,1.78374194541,-72.9518801752,30.0558820648,6.08162281755,5.93616113879,0.0,4.82828962827,-46.813694428,-3.4237252477,-0.0591967130383,-0.105171565892,0.0,462.3078234020906,462.60844734338525,462.55069415970877,462.61230766749225
7.6199999999999255,2.07853925836,-75.8518439188,29.8292262196,6.07867875237,5.93087196983,0.0,4.99830912332,-49.9091841804,-4.14570894032,-0.0340750613151,-0.06655876229,0.0,432.9086408069369,436.13908445304304,432.7046768445661,434.8132590682581
7.679999999999924,2.38475389274,-78.9507000915,29.5594789413,6.07632247133,5.92760095751,0.0,5.20856694808,-53.4559759713,-4.86294754476,-0.0524851399497,-0.0374850533104,0.0,469.3186278050663,471.5683675688018,471.08897543327924,469.6621112857038
7.739999999999923,2.70393050012,-82.2778486384,29.2440353061,6.07372922213,5.92552069152,0.0,5.43007824923,-57.5350171326,-5.67352451217,-0.0292109254406,-0.029566805652,0.0,481.88358908985555,482.48153073701286,481.4490208558425,483.2062357629737
7.799999999999922,3.03511052028,-85.8679924787,28.872234902,6.0716151651,5.92371767939,0.0,5.60896804763,-62.2445548683,-6.74496770673,-0.0513691056536,-0.0310347829748,0.0,449.3382991810641,449.21896415000606,448.9005595142111,447.09764863421975
7.85999999999992,3.37672331777,-89.7644277465,28.4298935933,6.06910021079,5.92179618518,0.0,5.7777692847,-67.7740472892,-8.032699552,-0.027687619569,-0.0340821362953,0.0,442.1381515308808,441.88654750016104,440.54527561889466,442.498627725464
7.919999999999919,3.72829194191,-94.0231934154,27.9027989498,6.06812025071,5.91958838372,0.0,5.94104341533,-74.3642008056,-9.57778944883,-8.52184395412e-06,-0.0428676181539,0.0,438.6158068017874,437.88464776177085,437.38253981027174,439.6825194943855
7.979999999999918,4.09011255997,-98.7179693884,27.2752339593,6.06842715381,5.91691408205,0.0,6.11963226177,-82.3681538004,-11.3931846022,0.0137786611162,-0.048217263103,0.0,452.5717722768975,452.139733211625,451.33144133307974,452.44313985470643
8.039999999999917,4.4608493775,-103.946462159,26.522419496,6.06921299675,5.91400478232,0.0,6.23872309749,-92.2449243952,-13.7697547665,0.0116988130903,-0.0490358575147,0.0,396.9090630367182,396.83214886334184,396.7677741770676,396.5766052482313
8.099999999999916,4.83927321315,-109.843727663,25.612200647,6.07027148206,5.91085723712,0.0,6.37577347143,-104.800280552,-16.669786901,0.0274567517424,-0.0603739562543,0.0,412.0003036198317,410.99417733499524,410.1584400414969,411.55603198520424
8.159999999999915,5.22783812382,-116.605263437,24.5095743038,6.07166753736,5.9083461737,0.0,6.57651178736,-121.284144832,-20.2308557855,0.0131953160197,-0.0190467373979,0.0,462.7646737945397,466.0060631636387,465.5238127680906,464.4062196474869
8.219999999999914,5.62879332312,-124.523378041,23.1589667753,6.07308626706,5.90720417709,0.0,6.78849729123,-143.757555795,-25.0217339061,0.0389966855774,-0.0190063711485,0.0,473.75409652382723,473.75727489466567,473.3075918526739,475.2897631005858
8.279999999999912,6.04186597487,-134.061834246,21.4628569068,6.07593852905,5.90568352166,0.0,6.98096387663,-176.077930079,-31.9004350642,0.0606926599368,-0.0426936231083,0.0,459.36057160639143,457.47761374791526,456.25719368763134,457.9878177541768
8.339999999999911,6.46560354447,-146.023805743,19.2535580417,6.07967644756,5.90327621737,0.0,7.14459501389,-226.244139222,-42.4599749007,0.0653300138605,-0.0354200580872,0.0,429.03959390040455,429.6559755517659,429.4570732239584,429.85328320128536
8.39999999999991,6.90099523769,-150.0,16.2194942803,6.08427275425,5.90153120551,0.0,7.36929981248,-313.610443572,-60.2540788809,0.0928390875831,-0.0187326724396,0.0,473.32498598865936,474.60750872943976,474.6287906349651,476.73977305379236
